1,01/08/2019,23,3,100
2,01/02/2019,56,1,400
3,02/07/2019,23,3,400
4,02/02/2019,43,1,500
5,02/02/2019,23,2,100
6,03/07/2019,76,3,700
7,03/02/2019,45,1,700
8,04/08/2019,89,3,100
9,04/02/2019,23,3,800
10,05/07/2019,23,3,500
11,05/02/2019,38,3,800
12,01/10/2019,56,1,100
13,06/12/2019,23,3,400
14,01/02/2019,56,2,300
15,04/10/2019,76,3,300
16,01/09/2019,32,2,400
17,08/02/2019,89,3,100
18,01/02/2019,23,1,200
19,08/09/2019,45,3,300
20,01/12/2019,89,1,400
21,09/07/2019,23,3,1000
22,01/12/2019,21,3,1000
23,01/02/2019,34,2,100
24,09/08/2019,67,1,1000
25,01/02/2019,76,3,1000
26,01/02/2019,66,3,200
27,09/12/2019,90,1,400
28,03/02/2019,23,3,100
29,01/12/2019,65,5,1000
30,03/08/2019,43,1,1000
31,01/02/2019,27,31,200